751961788446408735
844288532809777153
844256658364432444
844236455869153310
844339979177951232
844413140920827955
844336441060622377
844291366800195645
843916771797893171
844034372079714305
844248744165376043
844370857202679899
844019911725678602
844040058956939274
844348793520128051
713251221707817000
800402468491362324
856739913436364860
698933657142034453
806217293901725729
724180477589585933
770854694192939028
750153642736353281
330818653933142017
613394766092304399
775180045564117052
313056816777003008
743340356766269500
800240119759896580
745635026577916022
835440208836952085
793733476104273950
672811400875212820
721867465977626634
623645211754758144
725263535701098526
692359850604101732
790384274989514794
734059845673680957
725237830279757854
657730051202351106
476698428907454464
744217991859666986
815674674314215484
478983612927311883
662816091265040450
763804603988443136
703235316332625950
701585584367599646
698293632494731354
522191458414100493
661335219445563395
759157787900117014
705445935941156886
706532415128207450
765451391325700136
307359126441295881
800754901130412053
759886857374269461
752602316871303220
770425237161377822
738948095777308813
783020580101161000
267593966428487681
614868724591099915
598238110425284608
702762368911933440
716055395931783250
818296264432549909
264102350245986304
731974190852210791
605438369174126642
750538135154327655
802008493388857394
710724023004430347
707894397085155399
457205057507688459
705999664176168983
613617308677701701
739378225997938758
680830607722283088
710819497543467109
701384397081018429
764117216361840661
746057041780539539
744627467796480081
306061614904246283
414142626325856262
784586442369400874
676217552577495041
745717256696234085
784778977642414080
706184598580756591
701131851724619876
709298960053043200
548334457644515339
733381412631216282
793944654348550156
787805255424671784
795002591100403754
341354741176991756
711390091095834685
735891598247723053
828932621437763595
521041865999515650
629422925610483723
699396955666644993
819180724728496129
531128723014025239
745633445421514776
726426589734109256
797314318022213692
554078124548292618
706501956767711232
706455539273433159
710637407564988426
572840507529494529
813048113035476992
758806435571826799
630827608971542569
727049345844903948
804200521107898408
458276816071950337
809882958633893948
724144352816791553
504623721915351040
746028398132068394
746079760601579554
800234798764654621
823181722718830633
747957933043875840
471459915618058240
759455085326630963
612081722108149771
699455071179505684
779793597436264448
708737790027759646
686402726107807874
745708850056790086
823925961712074793
706219943754203226
718411323477721150
468587849663643648
510449588868481024
702991185219813488
706496780019302431
760556668311306260
823261159439597598
758090223925198929
804027191431397416
795321925740134451
518437021031858207
701100117159051335
341543400819916801
727217928231059478
709796464078880880
836105723174846465
611297805239058435
678294186910416944
729112649538863173
719740783787245638
707316708355866625
351403370684088338
706533279674925186
834421462626467892
747414513439080549
746155120382836767
804024497161240586
766951938784755742
835398679472111627
696710116531241040
732284487521665115
337489340643147777
801095949786415104
822925304611471400
569017798018334740
745635485967450213
731983447438131301
700378099891699773
764216702271357000
671057158716129280
656632181271167018
750718612905525258
746198402412576912
703265851968585809
832019493798674493
811812602085638225
653345161165930563
714312400882630676
524659340875923458
738096059338719242
456088384851673109
824504560402825217
586335817480536075
711847283934887948
739494258175770725
363408002432237588
359943632347725826
477194739196755980
803448307003031553
782952345495011339
750177037955629166
678187009231290388
757439668408156241
402222239996575744
618453491937181712
492380011869765663
738375452833611836
240567939319726092
746044468326695058
728122628098883595
706533895734165534
798802413653983263
718525044162035802
613154094378385437
631120993854816286
708505802822123535
744168971938562078
642886014221680641
391427401755656196
716164072655290398
709458897987043379
777400420288036914
616778204795109396
676118621503750215
608159874995453992
688752640573833312
529756818658951178
681532327792476160
713789130428907541
292510266191511552
670809104352018452
791360312548130857
636946675759448104
730099172560339026
660863920600514591
720575118631239720
473919189153873922
595619731621543939
769602151202684958
739462888032305222
703262268875604058
743200313367986318
424922459209465856
743516701408100412
404720277562589184
703276526568865913
738793664146309211
556470206332010496
444910657549238285
700009808425910354
705044110716698645
732772120056168468
701486708620918804
706937801429745716
234395307759108106
726034917665931334
737232771071737858
728306398919917628
688717433694978095
701128860850323538
793126821712494617
827638850864152626
738007528356577291
714844426261889029
759552929908260884
351403211934138389
804024110907785257
763287269754273802
760645324779552778
715973364509966436
737368409448251495
597266547899367456
816483327711117332
722517805966164027
558974580212105216
706500910842380389
599529931734515732
688371201613365279
759071465512763402
735326841971277925
493526049859305486
706507179238359110
753728426208133200
728592386317615156
812716704870301747
788936671307235341
778933877816819743
660906785854586972
816677086500093973
698150754862759946
691078483312640081
767588707041017917
791722259210436688
610638004893253673
453897785129959425
818846120368537650
567505054777737216
803035899130413087
570590753743699979
792433597352116244
582923427828989972
420994987304419343
790647142376013854
792361088305987594
745897619053871159
738831182871003166
728720667993833542
302998360774672384
701137388222808226
749528454331891804
702186826760454294
787667530004692994
741304364349784146
774050281511977020
707389721302663271
511027242755686401
821790330072203305
698145727188041728
751373835198136370
737797633573257278
788332668714614785
559914709705293834
547124742566707200
759819931394637834
803418141064822796
756244230124601404
747299729548902413
751523482784891010
697587548050030652
591732238937489430
771116933356453910
674304456338309120
730952852834353212
782644307207127061
503405571425304606
818018003278102568
724241716634189836
785672109744717874
745953348884103208
642808294653689876
793397487699755008
691527593509257216
740624608901726360
710025028259020865
461051497199697921
204255221017214977
790523618165653534
551305458397347903
597544950464249875
655799458860367882
545026035641614349
548696783107391489
745730915581427825
828969245957947392
819661527212490802
676642187399659520
803039759815409675
749898604533121074
796118261975613501
769350362720239616
430626069763325972
609300099494969345
700372055023157380
820369363554140190
684596852787511301
701133201925603460
825104271333785641
762730775891673098
704999049773842482
807556172537790464
761404951578542100
730888903879557151
662999581910368296
469600883894779934
709862383073361931
660037778305712128
665577626643202048
514691007846285313
770472695020257322
483996507108933672
751066662241042482
717837338855604265
708355257931137024
683032051686965287
835552937749118977
364141241190973441
774329567002886194
587481850109493285
793297810786746448
828552963920232469
753650522023788616
542544498006425605
767861826817490966
706189515211145217
525110999364403211
458664112139010049
706208238533869658
806684493787561985
668196920786944006
829356899736223816
747957968297001150
794689282919890956
571722800071704607
742762663154548860
683060353034223649
714406539645157440
778308923312701471
825519434465804310
752625661981753364
759059397090476042
808580441689817088
632696259798499359
768091406030995486
715586875846295592
835608619473960991
789158501179850762
518404930474737674
430840875191631874
747187066797817968
159459322105954304
660025727407751179
765306889788981278
414434908665020427
490940690948423690
712287807561007156
659795682030518303
741488932708941876
828133000675721226
679313614716272672
769181441225130045
830370787457892362
798324847125200946
670486856047263746
755053080671682601
753419285707227237
710634969285787678
720675305789849601
746883480763498516
365101409814970381
699789631390089246
738110368949338143
707513453564395570
830834741812658206
729771006188847114
813142174727667762
830953971816071169
672401916470493184
740480861153132586
508076040984461322
748163330102788176
761632466028855326
694335092616724502
331410622183112705
768062406563725314
159985870458322944
832553469223239701
745833948999057490
705225933371473981
751406644969209907
741474246395691059
812383779187851314
745627937608302623
804023302444023818
757534563051241593
709876685020856431
743931911230980177
548658254104756225
737972876858097746
710073006101364756
828115220688797706
318126259605471234
747330268871786506
834464702738202635
754285103672459395
698140356813914153
566352545958592551
665883688717910018
759088805734645761
800523046917898290
815816219914797057
410782165081522176
725062257264033822
709089820336586762
623476030828445706
747198859033182239
569692961831649292
516785086667030550
746109309292773519
803047965215293460
713513163991023627
601910904367480843
562021687986487347
567803916117344293
786728190159618049
745643393568211095
749311341055049789
587804219919302676
706760003033366638
764812555213340692
812436935717027905
677601074311593994
545057171906494476
335777882448330754
712687086553006161
745915809871691816
732673402963230790
693980946764005418
720136263331479604
694635551994806332
598579354884112384
742524233904816229
414202325478146059
736143815596965978
319160388971134976
335853994704371713
660487028177371148
783694464946274335
652739074708471828
747908472435245146
750008698553892917
537640084573388800
812540161916928051
616913324067782667
752349065450094663
713740293232394271
461463238182174722
687586722082848826
194476256153042944
712553636605067326
822866593600110614
706499053072023563
745706684210479215
766263229097312278
616016251688583170
805538745632817173
364784227322953738
586070858251108362
761582453219262507
740056715109859399
784909575722762271
539861714720522240
570351192555782145
762417845715075112
746082609603411969
591696113682087989
690969026633007104
803802791746601001
782227470375714868
738793761995227316
727043144297742437
759266674020057098
733924359428636774
810843280576610346
683356359114096645
723561544050409503
823222462103158825
694675745074839634
687537978608058382
704037938966822993
437808476106784770
639137448344944640
453253988146479117
724613130616963154
706178120364851210
802183094836265000
530581900163547166
755123231496601711
705293461137653810
445204357932253185
606447943645659150
589359964439576577
608990511964880908
578230970310983720
790956973478641703
728158208144834560
803762877894623287
626421028721000467
752196256935444520
835505078579757117
793947587941892110
771974332686794753
752091116869779476
692825352396865576
757254849317437481
760352962848751616
805566228173029447
782593305438453800
727207861817442416
710292898993799169
820406190365343765
810650100824670259
835426759218429963
683344074023239701
763084996956913665
617025796384489628
629206631229685761
705827310141440012
514189500583510038
782656075459592193
744948957851025479
768889743332343848
760000829615767562
353504645642977290
499555739459780612
698601228711493714
727368950333308938
712523193067372565
747870943199756288
518140889592365059
745695187635929119
748207885174964258
702193003174953032
746466021606555820
713811791603302402
388795916347375627
743290813835902976
789868893032153088
754544976393797653
609170965620064256
716861576610840666
733907610192838727
727032966718554184
772542115245719573
716967712844414996
752202390244950077
418962151512997898
538199352569626644
803428550417973288
796398283219533824
649427323094958118
759270647112400916
835592484167483422
648255560931868675
743292723754303540
646378411731845120
831748273198202880
779269570782429204
735289307966865421
717416821296201838
712091881978462259
833381308863479829
485686699721097217
599510147693543425
683646909226680329
745705011308134430
740278666315038844
641318152688631829
733592014133919755
708611826576785411
762030732863733773
746966387951665172
753852419539992616
582284526521417728
686802320721313805
749066379155472466
746370675337330689
556513104150790156
764210176286130186
746080372487487518
528522060612239361
747350681580470283
754551617428127794
512398288633200663
641749237088124953
754112975089958912
817287567057354793
731297554108514396
826128639196266497
744643898185613413
705523384007524484
430103059893583884
381099921220173824
740442549658976268
633482768424370196
712107305726115842
671727412794359839
617217286230769664
738836462551957536
794501304265342996
827216364976210000
746122157981040669
816351223069409292
718185018375143484
743106696963948575
716122339682549780
508681419246272542
665591954381340683
454446193716494336
701389232685711480
757174638311899249
835493787463188500
753341063019888705
686304388721279124
573148783467298817
706052360853520465
761129885191503892
746054494676320368
816081778606997505
832667480949260288
720924460236144640
735358117444845590
737112848500785294
706452902188810270
769162295879794718
742310737531371520
831717628263268372
832627933716676617
620709511883259925
701575737068486707
673750885817647114
343178978204450816
528031885893566485
766520623002157088
738130048065994813
155149108183695360
805220260318937089
715751832106041425
801928979808256031
695285745447075911
711032399135375442
729738189161627670
743286263389618327
827451709398843412
754736103579451417
742877540225515601
765964029965238343
620737471180701715
746501751812653149
741239268873076757
602915149388709919
697122274066825246
762978587636138024
765342355649331252
715947159681499176
814799459631235134
757243221666562090
732458319339585567
399296324178280449
722735586280079410
830021645363838986
704636606098833448
306445450507190284
674210160230793217
698312055622467634
659978805187838012
794408621479559209
235148962103951360
742822453218246658
750427006763663410
738373579728748636
751919383252697108
706186177841201173
715471830101524520
580295798311354378
544721904657760272
829553043103154228
758703633524850710
718058690602860705
738593419835867217
707229777324408832
734635259894693949
252135442022006785
558898222416920578
746031678698291301
724977949886906534
803391430432129064
701127364385439795
425008515460104192
792269763027533844
677972230583353374
782586124807176212
755064050177671208
621204020580712478
749965468231663729
732811966032117862
771782015275237427
709764480388825088
502816375052566591
735618233859571803
793245357374046209
821828792720949319
705194081327775776
743744591647473844
253318749833265152
452846244813864972
835487252175257651
482910651476475929
713045504103022643
712317890568650812
745631084011585598
745265021314924598
708761209373065216
659144794467205163
719924148851310663
665636921577570316
704235259746844692
806785705615425566
707027999882608662
771769497353977897
572625233106698270
723227576050647200
733706446990213172
511647125566783489
340496026228097024
701131106748989501
533308558104854554
254666875626061824
720524822248947754
660067555012247572
709199597293011055
702940245007532092
743855695413116980
753234224567418881
686067698786107426
192008771386605568
689205765084545129
409141263603073044
808454433967964161
728505902335918111
574224124487139369
723755964016099429
757643236968890458
808391125161082891
804881520824549386
585189028421173408
537779784600780814
311905058092482570
386722925673316353
693910935240310905
725495107985604658
425826583950131200
737745974054617098
747670593054310472
735508150798778450
404772657691754507
555031559871266818
723840759819665469
727535704418025543
798327340476268576
647904666113277964
798128668554952705
745046621854760980
802121686295904277
695481747697303643
316295881907372032
764213508908253194
660437784082776064
408785106942164992
749301838859337799
811727857667145738
662073989606146049
812781535807537163
565820154215137280
655547219449085969
762438404741922817
828455692653297695
545588126106648576
405052832597671957
711988385048428544
745592043329290310
794788414197202944
699390562671001691
744335426025816177
710287921785339924
254567819876761600
705490613445066842
740758341810257950
736870420963393626
723216902394216461
798365834178199563
751607656405401600
726922184584331264
692273781959426081
813159377711530016
825189932930039818
835559345868898304
302050872383242240
616557760217219083
832484999009534042
712489634390868008
738662988814221392
806322530829729813
747819631514747070
619930089861152769
753161522326405130
781267060822507540
797394970339311636
763064321650851882
672293608036237382
539777697837219842
706083022226849804
763144745526099988
722860724396752896
599504432371073035
829875338553196641
761477106902237204
748749274703069214
746038285817872545
803168722058739753
560294127754018816
578684164027711507
306979061551333377
779451159797563393
225340313978273794
595936527507259402
737376995440328815
746054507544182955
738581397605711903
558736362392649738
687081910630875173
737739772537077830
692927767263707207
745716006013370438
801879656126218282
737582741855535136
463924879201402884
606751010534195210
810931232253935647
770737608660615188
316715093796716545
746872690337382421
800957085768220683
506213014190686209
731472528677273605
695659998591582243
721860884250755192
734289363189628998
600171387272953867
819601144200036353
704996776813264916
763164422872629258
808647253861728256
744750990909112343
748549754958512168
716835843121348679
709593061319114762
735132616759574608
757363827091439646
762700635359412255
770631915698651136
799137685553676288
833757273163300885
701373425930862673
436914316642353164
796638392057987092
558702221601013771
389131985567875083
748561469842522175
626089708002213928
740363079564394588
825569317994889246
752979368531460146
490947309597884448
270904126974590976
796927425023967282
699704665926926347
726839906806267964
706507155942932520
539854393021825026
750434439405764749
748247764348960888
698284138108813342
734178739835109459
749156632830935070
711606260017004595
710596130081341472
735555814596804688
781606551349231667
554669545424551952
799378893907689533
829134159305769010
783769375500664910
710804218998554635
711953770006839348
753004774470844427
616368768376897542
746477200882139277
294882584201003009
307717457290854400
766215274608721931
608647952877223942
726050458090602568
705529077750300782
607779533868892186
596743447097114654
762365187109158952
419656869053726747
415232549284085781
663459426606514216
746437159787036702
528647604381417472
746051888285483079
832359505245241414
711953901347143680
503331558602702853
696776735576031294
707140318247780352
762325394669961266
534016256525729804
732725325234044968
642927511600234528
797319628266536980
538761344648740894
701019921227710524
829680449513062431
740364422165430273
751958845039050843
661097781393358867
654924993922334720
800548607517786122
634616905675571220
818561661463953480
594242138771030059
749810261996863489
706499913000812555
701131388606349485
822819892302315550
439584096256131083
744629644279545897
359379484886958091
668138346169499660
621729233500241922
808162096260055072
506079653035900928
235088799074484224
744432783019081820
788496983056187463
529271357435805698
766265711365455892
742419802584252528
652808596836450316
764463365405802528
772388983128195102
742442265305153626
706191331281862699
740239650664218766
811680855407067206
707470007122132993
766662887216644127
760065826194980864
814762522992181249
794975318200942623
762911549080862760
613290988084920332
568427546220298241
725262633799909429
534431026471239680
698234985643114588
756930674451152987
749036729956302929
818516372937375754
688167781606096970
739317559861706783
733412105193259071
533311801463668736
770821371813953558
727821447015432293
769698891721080863
707841344915111976
699972834620997694
513583303811530752
662875681436467211
743966334492082226
779812184322473984
747251724594577509
766488217121062963
590708012784680971
835043531310891019
684802576839213082
710272757530624082
724064802162475119
620244588581355530
714397698106851328
661007090369822720
792715614803984405
799854394111557683
381145034822647812
697759281901994064
805354934610558986
713923469439401995
726329184342769735
788448871042383934
594297280824344587
716252246009970698
705214347692998898
736038998924984332
477197007342010388
369627468778307584
515882377847898112
782659490943860757
693443225238765619
624335884870877212
509770024592998410
804308835157409852
753678019406856302
506572821896626176
746208927980585050
692494822044598332
711145490540003398
700546036845903993
751153844679082036
534325354152591371
700156294853820506
452940008446230539
793191680454950963
762335326080466954
652896596899528704
807145350728515594
715020161941504030
737316340917993524
609509044629274624
500673668402380800
706220166505300009
748706800597205034
543791268765892659
691326400937852968
379096935447134208
717905774982201395
534340467362627584
776407883944165416
447383569078419466
651752379506753536
566473851429715978
747420931286106157
711844676239491114
588708239009513488
784536795638923274
819158269956194314
822361435891957770
482659503280750604
344316039913275403
635209242709590017
769332962503163934
734881991727644703
768356443128201246
715122010350551092
448194811959181314
787884330067427408
753711192479891517
763903877392367647
745913390500675635
751668482034237581
574647883895275534
800808346235568130
670805082350026752
817699358883053608
758443399308902501
818971644331819040
752167384269193237
500929358148665386
734234709038727341
537014871427121157
608765580715229253
687670434384445495
750008708720885801
743531888680894475
660688941464289300
683442591185895438
718036128153993216
695962803684638751
775687890448416791
741866138866155601
605227529275572255
722969572046798880
806169330999492639
755290151256588339
382617989268242432
765216282869760000
745956928387022858
793622870948577340
763825573361090574
800756673283227688
291237228104122368
758733367146577930
739700715659984898
499962864614899763
706786636175769631
362355759989915649
796266638000652308
724042158465613844
701132134425034874
561943744941916172
753488616457633873
660596252806742017
706455301666242601
742056464931094578
692452352124387358
695752503609917560
788833615936356392
472461379182395422
597516948066140160
802211735465492520
747235132133605488
706423297285292053
707412032462258257
766159449320456203
693174611839418399
805146909416620072
822935180422807605
317831111625408514
480821215318114345
706441263074770964
698985197097451611
706216811485724702
692889380205101096
229404962260647938
523589474223915028
752991000804458626
791957976134975549
727530089293676594
788869139808649257
653307635592069122
606216623220719706
744402868609744977
724579706749321256
604777045364441103
827037132207947777
436898919209762847
548878338442133525
700600822618259466
544548247931453440
477377306327777291
779858137099665408
728332603253587999
727254176823771176
392069098722295808
566640217172344875
775511760836886569
744735406632992790
776615664231383050
454756521457221632
761435029569142785
483095520407977984
331060090499235840
468215176383168524
675930853108613135
801595776488701953
737528697631801445
820565302474964992
782528260885315596
764214370422095953
720943681795915826
518970212285153301
583713547914313741
804318436364517466
744048471010443376
706444243622690848
283689661648338944
653357767012253736
475900659040780289
705853389313015839
577086528342327296
764270973167730708
720703081343352962
694772397752188999
719261884561227859
727569075441762396
725915087205957672
697214817827553380
676000830457118720
691332854113763389
701102795322949793
755548569418596435
327361083822047232
672530181495455754
704041458323292181
499640780693176338
720704881375314012
762548090859159572
823266075240038462
635739773331439636
543594916799053826
636474998399434752
705909207156916355
289243137799618560
434490726777356300
804169938549735435
411580595861454852
837770002936365087
646884073410920465
712785820150399136
777700098854748180
746148929422360616
662014189170196566
674034435083075594
770796954027556874
574659935414255616
792022279630487602
706780841258385470
823962792414806108
787993498325614592
780913877180350504
780602054900580355
825490504606023690
571130514350538752
266709703390658580
637143300465360896
696507350885859419
770064039384186891
703779330362179655
458276816071950337
800607271666974771
825785366543728687
699626516954480651
722552359007551659
765292489925984286
712321287103447110
698204175066202264
735270291852492882
751821596385083403
566028163071737866
690706001065672764
738583598822850736
712839038284988446
481926288869818383
726897449893101668
752671693864173762
805767867601518602
705536903885095013
836808876783435806
756615324429844542
778706258298667029
473718090128162816
759800193683030046
764196554306879530
781078682403733526
769382385632280596
433972119584636929
715285906134794290
802714785413857310
243928996083924992
796250566111133708
822531363320102993
762328766739120189
699107239012728942
335851948119031809
691772555794579487
722577172228997241
756545742671315116
822566997791211650
340205629660725248
757776403008716811
764668139484479528
675474096682958888
619659259478671361
727776067410198539
796893181592731657
667927970274607116
784261788748480513
836126327412097047
822360085488599050
766954455068704778
803802638000324628
823176624857939969
752245455047360583
698020914712805406
806937797192581210
773298172654387241
783715365640339458
600851100828041266
822252842302701589
784287736998920213
469610550159212554
592497719247896605
544532737441398786
780232828906242100
772907535564668928
664485750682812417
757402457902022666
795440068692672512
707209370173309008
812003403558682644
515359089279238175
353289232443375616
159985870458322944
776616583384399872
684095400549810193
811404379621687336
809619719257849856
748644849791664158
280497242714931202
756512145683775529
648209167219425280
715291494587695188
810651951426437130
774742656915472414
689615650469314637
759197102252752896
798273246846910565
787866200809537567
789562324943503402
825452907654414337
762970462887870505
813527221117517874
820921477007671296
822067832539447318
641669217263026176
812559749840502814
394970352914137089
819639859449954354
736008286884593757
700708896653836350
745373386389323947
814710233179750423
511275721226846240
734835592411611248
656326485388427300
822396586654302218
656514578955501578
827342004693368832
733109598491377734
708513609466118264
818332437285044246
785496827096858634
679661695580241951
818865770754080828
719649864404828281
683063640479367202
762534207675170826
788173667338027028
832667480949260288
429054768137371658
551831082459332611
789771791122956299
572616039171620875
155149108183695360
401121099531681793
777723297613217813
822252177211785216
235148962103951360
808781692889726976
807778979498295316
822353699162423306
736729815360733196
747819696929243147
527996475800682506
718205959478181964
821070008779145266
798388149838807091
722900466341511189
821583549798023198
791737233630822411
510609624056070145
784317567015714846
569412723922829324
771770890626793552
696442503187922956
408785106942164992
811404717841449021
731706739484917801
717975075315384330
665932393890316288
801329350334218250
282859044593598464
679814437674418310
831773992205549578
819703358180950025
744507365688344698
810278920179810324
274697459039731712
764694504225112075
759534728113029190
691074974038884374
820468864901972048
346353957029019648
247283454440374274
808319529935175680
809561315780853801
767357465297420309
730814073658409030
793103013820235806
822506959651209217
638764568205721604
510192300580667442
449231233700986882
825781873241227305
270904126974590976
807346900302561301
754444153613713409
748648683687641160
823405716848902224
755582602366287882
294882584201003009
300015001366822912
643488777922412574
572133554843287563
688595415603347553
770100332998295572
754537825004945538
748386797167575090
720152153288867891
820082459152613476
297816587728322561
769289980119613460
235088799074484224
818140788155613194
439149157513691155
792562650068287488
816208093607886903
756628403721076797
778912201502359552
697574933295005758
761949811339165716
797262180529340418
786344204603359232
765268977605279756
718734706803474494
596832641240662036
727635693576257626
699905522555420712
787299902744559626
630295831345364995
766780475372339251
814767898555973633
717413042211651715
791181887061098516
716053779891617862
807528131564535839
398601531525562369
788676648916221952
790539764776435734
251079147420516362
776459676908257281
805339827338739713
776233144860540969
809997790003724298
822352863312347177
819822688004603925
651095740390834176
769264203084202025
718478702681522187
492133437344579594
424660611570597889
719320170568351817
805555204405592094
582644307555647576
781903536098508811
466017090906882070
689273348483711047
822137087297454090
803455477346074634
820062682265944095
809047458415640678
825807090039652412
730131527064748163
472911936951156740
800121978102612089
822251008470024193
814451549715169312
837770002936365087
823643667956760597
832667480949260288
426422237558603783
660487028177371148
608799344581410817
809619719257849856
511306849438662686
745650171144175657
788253630394269717
722356698597294151
788246003278938153
773153468231319552
821259448110022677
724978641657659484
704349491800834059
387396558615871489
462391522520858636
488874887755333642
823413678677688371
751120520354988123
710977035568283678
788251035386642502
832741154150940682
753352855330619444
756692324553064511
820528862030069791
824391976378957824
785886773778841610
796269867320868915
733531749706891355
707133796109123635
780449482554736700
778162756502814721
549835063488020511
787928255285166080
762845436959653918
822252842302701589
827435165822484480
713886846500732938
529727370785980419
640672411125284864
541188351617925120
687109793776664616
777255899797520434
825148583077740625
757795334398410862
546868400492773387
821986192546856961
736452894349590649
810543652224761896
780816784626286643
760723632661331990
686683253897560065
602426956608307201
815799712782352434
822510460732964875
718763114174218251
691476084818051133
698698396164292639
757531892831486013
801274254032764968
463064052852195328
831828450754429009
780675749136695306
693627823117565992
804510171539308574
782859229848928256
664286938986971167
785041311786336276
788255196929196042
785738435666771988
718050143710085160
780970230183886901
730312340763050037
789400634868498442
817691852147785749
788079424368279612
576537565885366287
770368744513339422
708514355481804832
739851102710923394
827225431698440252
425086748213641228
738160300783566935
814758635753308160
653394933851488296
451533024761479190
787929243833204747
645801385945726978
534521912475254803
813929094009061396
774838051670327316
785909631390056499
822371579807137822
403572379306950656
824001309107552258
654316932539088907
735494206373494885
727043035673919610
780657620796047400
824777984803471442
772922792945516596
698032482133737500
694909355002429510
499718935051108352
788836897374863390
793319231202525264
822708740381868042
416541028049354762
682632821835432015
743352590410186793
811858094169522177
664156916057899018
823591098038747166
520778952709505067
824496265374203924
823004419435921489
780809354458562560
414113238918365214
720405553075060748
602000532508246019
770067725136953344
135378621580705792
772872897412333578
737771064544722944
685619429710888965
780658227486130206
821803625764093994
728488658390351902
780677022166417419
795404199050870804
713950992709845063
605490115422453764
822862793115041813
818922438820626473
700629453499400215
785048000116162582
530562628897079306
654833779130499082
785885789284204646
821026842869891123
823679753907077130
476532591609249805
808344800180699217
721001618622906369
734954552037605438
770064039384186891
612068124564389888
780230135500505118
844289930553065482
844370905567068160
844370856767782933
844352549636014111
841488847056666645
843957294059749386
844344320692584479
841649594878394389
841837741414285352
844280295179550740
843996404913405952
844193694474698812
844206902900162590
841660163562930220
844408090945912833
844289774689058848
842205915502739498
844301081442123787
844379363679272990
844230858160078928
843898319189180416
844230851960635432
841433923490021376
844299650710503435
844007640291999764
844370857266380840
843967983411789835
844387049414721568
844027725256720384
841522346770038784
844241696727498753
844293069552877638
844270114711142431
844006057344237589
844370894922448936
844430434884386816
844351121149788161
844374805562261544
844220494483554385
844400179510771783
844351125108424714
841646312934866975
844193693883826206
843898319586459719
841508243934674974
844027723865391124
842812393977282580
844253671138656267
844370854837354508
844224915883819048
842041810024661032
842369277365583914
844374806479503380
841440971702534177
844306389903081492
844256402368364645
844370855282343946
844018050776825856
844370856150564904
843901890064678923
842041821878157412
844425937554898954
844352547828662292
841426870671376424
844010787394551818
842225362325864459
844418901852422194
844357722241892395
842225362023743538
844303975338999878
844324306129649675
843962197461434378
844293072694673418
844041659771125791
842041807310815282
844289775766339634
843953477755469864
844043918793375756
844370856079130634
843959298995912736
844409836015976449
844400185655820340
844309474697412618
844407973723111464
842181204496613406
844416909863550996
844357723131084810
841437447539392563
841381335523262495
844386885367234570
844356215937171488
841347996477554750
841653127487684709
843901890676260865
844370871179280424
843903827005538346
841511769017155593
844180739179413514
844409845234794506
842018243678175262
841513531990999050
841510006720823346
844427447930978305
844236458649714698
844334851876192268
844390871399137281
841529402030555146
844414842667663381
844369825782300682
844021411864772636
842469937741430855
843892331769364480
844021412267032627
841433919861686333
844404761679626241
844369822258167840
844390871498883092
844387109666291763
844025981039673379
844024444238168137
844339982842986506
844256626701631528
841376041191866379
844364058300121109
844374979839918100
844376350018109450
844370854010945597
843890729192652811
844022970426589194
844034371140452352
841823477199536138
844261286090244126
844306366893916160
844406267053473841
844374808359731210
842031349275426896
844309365619949568
844414826234904597
844038152931115008
841440971535155220
844436499440599040
844342851730669608
842369278844862484
844297336930959362
844436499939590164
844386875191197706
841819598344683551
842018293569159218
844309403577614359
844369821541859338
841440971241160754
841440974915502110
844386881755938849
844379362303803463
841368988327739402
844360705104674827
841654874207027200
844370858541580297
842858507099570177
843970229071642634
844031118130544672
844186906426343424
844370856343240714
841529397244198932
844370857144352819
844261176132239390
844339979551113240
841308969423077426
842032945698963497
844387016418263061
843900421957222461
844345751819124808
844282057248604190
843903832810586162
843964579612721213
841736664003117076
780850713206194226
844409834169958420
844038152208252958
844311567397945395
844361112362942465
844398428104556554
843955742125588500
844369828272799784
844386876211462144
843996404980252712
844348794265927750
844401664933101588
844016407205511188
842821995237343242
841644389498748948
844303973565071400
841502953649995796
843894519777984562
844416910501609474
844258082002436126
843884115476217866
842800686734770198
844369821936517150
841433919588008047
843884113533730847
844293069834551357
844040059187494913
844299666722914364
844291362857287690
844366983075856444
844369843079217152
844370909196189747
844436504440995840
844256442935410759
842916761962938378
844386873803800596
844356218179944468
842865132400410695
844383376701521950
844386880429752320
844386874462044261
842039310697496618
844223395187916811
844324312580096073
844282071500587079
844224914730254397
841428633079775273
844022973479649291
844006059181604883
844007553818296380
841515293674307584
844376361732669450
844215802570997771
844400180459339797
841372516601036800
844386875225800764
844387449068584981
844369821759963167
844186872829181973
841866472607055882
844389264682909697
844256445749919774
843912281435799613
841518822531137597
844220496547282984
841379774299766785
844291361301069824
844387187763576842
844239954628050954
844386912114442251
844386877838458890
844379362500411413
844183767887380480
844339977436790806
844341397700214795
843973410975776768
844370854203621386
844303986483527760
844369821441327153
841490614725378078
843973410283585536
844256402531942410
844348797324492800
841772980984217601
844324303906275349
844230851440541747
841435683935879218
844342851826745394
844430436964499478
844386881168211969
841437446112935936
844386872779079680
843888406866165854
844227096292229120
844259634075402311
842225364087603260
841649586137333761
844256404989935658
844299795605749781
844369838255374366
842871530219634720
844342851601301515
841663691309187084
841331889477386290
841497666641723412
844362502162481163
843996406036955156
844422533965152286
844370857026912298
844010664770404363
844041605211619329
841497664868057118
844306367027347507
844386894812414034
844351120536371201
844369821155852289
844294765166985278
844407976298807297
841821215965839360
844387133380362250
842041806433943562
844347366538870795
844302490916225046
844413143421157447
842041808455204870
844007552668008458
841426914652323851
844386872167759902
841376039782318091
844203765292466199
844280288120930374
841517055545966643
844436499817693204
844366964050624533
844004180901363712
844339980305956864
843894509469433876
844370854024708109
844309365531607100
844041604737663016
844344324505337856
841490611038847039
844341396751908895
844370892280954900
844270116891000882
844193693376184352
844313079479009341
841525872011509761
841866474654007346
841379566009843782
841488847456043008
841644299384258590
844422633138946079
844386936437342259
844375082783866890
844348803754229813
844370855080361994
844398501127258122
844023117637484544
844055609183305749
844368813511147550
844034377305423872
841861130367664178
842041808422305792
844386890400792606
844386871585144862
844182271245942794
844369822510743592
844040057903251496
841372679210926170
841426975250972703
844252152196235305
844339978908729366
844369822011752448
844391041029242900
844371881582919710
844425943781998593
844248751966781480
842041809571545127
844370855457980427
844227101841162302
843964605348052992
843884191039881266
844421057914077194
843884112384622652
841644299736055840
844339979508645921
844301081882132511
844027723441766480
844369823756845086
844318758356647937
844302728242790470
844369824545112075
844025981269573653
844411314117672961
844256403975045120
844347363791601694
844416910678294541
844430434527608833
844299644660875265
841409116848652330
844049202070028298
844407976819556352
844386872788254770
841415112509751347
841421581502119946
844416912313548820
841654880066207774
841409116890333205
844369860666195999
844364058651918388
842206095039791114
844047128921767987
843953478556712970
844294970106314752
841376039481507892
844411313064902676
844386943713935360
844334856208908378
843962245972230144
844433721334431765
844370854992150550
843971912904081449
844389259732320257
843998609703960576
841647828110540810
844185269392900106
841488847878619156
842041807386050620
842181581601898517
844374806786342943
841661929256255508
844341395836764190
844019912326250567
844303986458755122
844331635852050453
841525872929275934
844006077586866186
844347434447798292
842181205364572170
844369823478710292
844379361704542219
844370855131349003
844252154558808094
844050923293638678
841819458753921044
844041606922240000
843903826528698379
844021410899689512
844362506012327956
841522345339387934
843964568463081513
844364098632286209
841644299929911297
844383375506669568
841665451763171368
841518819432333322
844373332640006184
844365486829469717
844370871099195432
844418906440990720
843900427757813800
841515294740578324
844432237642383370
841644301473284126
841504717892616202
843953478896058428
841518820065017898
841508246236954644
844256787875758100
844324304823779358
843894511402090507
844022970883899402
841518874256080949
843970229327233114
844351121089626122
841502955382505512
844047122906742785
841508242475188295
843916771961602059
841490612410253323
844018045948002324
844006059453972520
844224958237507646
844398476192251966
841819464285683753
844334876709879859
841527632449241109
844306369712357416
844352545983823872
844360707625058325
842519264552288356
844031119649013790
841837750129786913
844055608792580106
843991203682189352
841837742026522624
844407976965439488
841656640398163988
844236456616001559
844427455456346123
844245722646839339
844369827287007262
844370909157392384
842865287639728168
844044084079099914
844291360622247945
841660163852468225
844370893123878962
844351121871208459
844387173372788747
844430435416145941
844289774403059722
844433720089116672
844370856230256700
844376356107845672
844370856771846185
841428632869797898
844348816072769565
841764913722032128
841342464320077874
844374806806921227
841437446276513813
844347670650159114
844203888138649632
844277785366364180
844306367585321021
844289774104870942
844351409435836418
844261187104669726
844381786599718912
844421060228808725
844409828209328148
844390871893278743
842018243500703794
844021413362532422
844294768166830150
844010665260875786
842032950618488872
844425937508630548
844224931889414167
844351122826723349
844215846422183936
844421053928964116
843920709071273996
841426868741734420
844387020352258049
841736653248790578
844386871618437120
844370857215393803
844356581281234965
844385369575129129
844352622629748766
841423344443850783
842041805976764450
844344323335782422
844348794120568843
842041806425817190
841487086137245696
844270186298474607
844024443985592380
844370857148547132
844369827795828746
844433721008586783
844256402707972137
844339976975810560
841508252717023233
844299645806051339
844027725529612348
844344382390796319
844270275633872917
844289773488308265
843986012564619274
844370854351208489
844313080339234836
844010663026098197
844203765295742986
844040058423607307
843967987802439702
844215800697192490
844370856141651968
844413141953937418
844302489107955742
802961643490770954
844038150522929153
844306371875831829
841663691074175056
843894509388562485
841665451829231636
841501190709444638
842835302393446451
844404760962007060
842916754585288746
844376398888960002
844347363187490827
844387077990776922
844344322094661662
844390871302012969
841501191900102676
844386872561106964
844236457723297802
844259628086984755
844387077696389150
842835304162394202
844369822069686302
844303975602978846
844336492738248708
843898331959656468
844377763120414731
843979714544533555
841313782940041247
843964569381765161
841819324426616853
844215803351138304
844024444246687774
844387439934308362
844357723378417665
842012914823069699
843953478409519104
844392526663254076
842015647272665119
844241668936040449
844347365396971540
844278835746045992
844245722148896768
841661929297936384
844376366177845299
844386874923417611
842825356256084019
844258090974576642
844038504723775529
841651350298165278
843896050150670346
842219792352935997
844348793218007070
844227096825167912
842205904526377003
841529398242836511
844370856158560319
844342855580516427
844278833367613520
844370890590388244
844341401500385370
844258085837209661
841661946050773042
844383377053581323
844342865752358913
841518821037965342
844299646591303710
841428633465389088
844427448867356682
841515295536447538
844018047757189131
844418901747564554
844368815055437868
844377763577724950
844370854804586546
844306367309414450
844398425751289897
844369824578011166
844345846174711869
843970228068941834
844049252874715166
844386871152214057
844344320861143050
844390882513387572
844377763300769823
842031354861453312
841660169507438622
844029204038418443
841654876496592916
844357722795278337
844386945127022632
842219847415758891
844311586901458954
842871532731760641
844386871996186624
844425963386306580
844236457811116034
844377763611934731
844392506547241011
844411479498817556
843920711684718622
844377886227169301
844370875230846987
842041815553146912
843909270680109096
841513530006962226
841821217253883935
842032946076188719
843901890203090994
844348794095403049
841819232538722405
842800706549055548
843966344479113276
842219790022344714
841646062141964310
844299644832972891
842039306209853451
841488849687150613
841663689601712168
841508242891079711
841508242633916436
844277376933691432
844418903504453642
844407977050112000
841524108965314592
841764607353683998
844183770914619433
843962198673588274
844371881595633706
844400185802752053
844241666977693736
844288325808291890
842103959027056671
841524111422390324
844341400455741481
844369823697731585
842858505688842251
844013078357868546
843914611597508619
844043916088705055
844344652454428683
843900456106590238
844409828335943713
844376352110411787
844385367632773132
842916748050169857
844369824749846539
844428944631136278
844294768330670080
844374805430927360
841508401360011305
844234329223856139
844223394291253309
844293071574138941
844413183477415957
842916865117650996
844025989763039233
841515294572806165
841837739800264754
844368819824885790
841866473302523915
844297338020167730
844371916155650068
844386872867160075
844387117449740308
844256738831630356
844180919576690728
844369825383579659
844293214068146207
844357725155885056
844376350692212786
844018048830799893
841439208186576916
844387444308574238
844040058176405555
841409115293089884
844428938956767254
844336445262004266
843898321923735642
844366890808639530
844024601180110898
841492375896457257
844256401730830397
844050923230986250
844309365476425738
844370871152934942
842041886155603979
843964571429109780
841374324799045713
844334854652821505
844336451297607711
844389258768547871
844386872201707520
844386949666045994
844299645681270795
842103960089001984
844331632760061993
841517055810469938
844293068655820840
844302490677674016
844370855198851072
844024445181231124
844386872700043286
844309364596408340
844258088026636328
844280288179519558
844259624461926461
844414824939388949
844418908197748778
844318751381651531
844387186970460181
844392670726324274
844218532623286374
841649647704997948
844223410258182194
844031210279796766
844387115935727616
844370875385118730
843986013251436594
844401672184528916
844366899205898261
844239958017441812
841520842834837514
844256442474037279
842846780650422322
844206676520861707
844381784786993203
844223394890645535
841492374722969640
844190008642109460
844021411629760552
844311564869566474
844202006399025162
843900423794327562
844180738575302737
844297337853050912
844261177059704852
844370854887817256
844180980252278845
844278832986980372
844414825932914728
843888407389536296
844370909158178846
844416909234798622
844385370345963531
844220493459619870
842373221683953674
844054110101438524
844302491168407591
844348794212581377
844427447591108678
844430442450780161
844013047051845673
844301157618810881
841510004943355944
844288324319707136
844433723674853416
844362557035905034
841368987181776947
842856103729823784
844386889611214899
841647824457433112
844356217635078145
841772976391192638
844368814267170858
844183767936925706
843884121217302588
844369821697310722
844234330594213888
842516805473927268
844370856796225567
842373222431588372
844352545593884702
844387007483871242
841656810535518229
844252153895583745
841515298091958314
844007553817378837
841524107983060994
844036347039842336
844400183046832158
844370858772660247
844345896049311805
842181212692807692
844280286270980096
844370238383718402
844370887759364097
844252154617135104
844252151529865216
844387015897382923
844223395696082984
844366890947313684
841502954955210752
844191698645286942
844370870755262495
844256477455057006
844401666358116363
844201995198922782
844386872100651059
841347878807142461
843973411763519541
844256594446778409
844302489440616529
844432236593676288
844302490048004107
844313080749621269
844373332161200169
844302489515196436
844348792747982860
844369828096639016
844302490522615879
844365485135233045
844333432461066281
844227096557387838
844259625112174613
844342852054155264
842516807435943956
844256593474355231
844373512172732427
844308200278982707
844331962206388244
844309364328366110
844050923491295252
844256404465778729
843991202033434645
844370855575814156
844370854875234374
844357731916840962
844404762820214814
843964568526782484
844040056703287317
841661927771996160
844256402439798804
844280288330907710
841642539249565726
844369839871098880
844297338956021771
843884112925687891
844318750974672897
841513530452213790
841649588674363402
844270116056596490
844425954620473424
844331634975047730
843898319779397664
841527634735398912
844401667340107807
844013050407419935
842863603228344351
843900347914911755
844370857186951169
844258085735759932
844369823616991242
844416913575772201
842015645382344716
844387038639685663
844369822418468884
844389261478199328
842012917003452416
844277369984516117
843973413840224307
844379360487145522
844370889860186132
844416911541665833
844389261678739466
844389270390702181
841513530901528607
844424412844916766
844379366883590174
843991203081879593
844309363702497280
844248746144825365
844369822400905297
844215800285233193
844385374741725214
844385373014589440
841736661180481607
844386872889311283
842041809554898996
844370862962376714
844186873198805022
844383377406951435
844018046183931924
841497667670114305
844301084960751698
841423343851667467
842369280812777492
844182448120004668
843973413718327346
844307950847393863
844369824774619147
841381331523076096
844007552337444885
844369821406593054
842018241709735986
844201996067930122
841515294379212871
844427475152535572
842181219420471316
844224915590217738
842181226684350547
841433920586907699
844270113876475914
844425941023588362
844370856053964800
843982114197340160
844411312544415805
844038152893366283
844411315232571432
844291361683275816
844433720156880927
842516803582034002
844201996386304012
844038152020819969
844370855966670870
844021411667640350
844365486153662475
843904170431742033
841379567653748757
841519111884242974
843909272852103219
844387031836000287
842041207935729756
844376390592888852
844421052402106428
842863602837749791
842041899665063980
844387033806798880
844387114858053642
844034369399816232
844341555698335784
844021413139709953
844369824573554699
844307949664731166
844416990847565834
844256452335501322
841658403835084820
841522346703323156
844183771980627979
844436498569101353
844416913118593055
844398484680605736
844303977608249374
844408049752866826
843998609829658624
844218535328874587
844182271216320522
844223596942721045
841520581559189514
844341399054581760
844386906775355422
841421582652276756
844401668584898570
844190176111755325
843966415665233931
844324305101389915
844422657431568404
842219795171901471
844280323327262761
844344465254907995
844248745184985088
844182271920439328
843967977068953631
844370854921371658
844334938110689340
844370856913272833
844370855240007691
844413142452142111
844309364889485413
844241749706407956
843900589088047114
844436504851120129
844411311882633259
844356218184138822
841502954922311681
844413143211048980
844424281567789086
844411314092113952
844386873103351878
844324305927012352
844243745330298940
843996405974040578
844010846450352158
844282101297840199
841374279060815903
844297336024596520
844331631946367006
843971913705455628
841524110487322664
843979713471053845
841490609956847616
844004181240446986
844309366190112800
844369826923413515
844333427767640105
843957293137264661
844224914865389578
844307952341221387
842225363324633109
844186873345343519
844370854703923230
841651351024435221
844007553637941258
842516890890141696
844183770378797126
844386873472188446
843981982911954964
844433723809202197
844408172411486240
844036305670897695
844010664820211763
844433790981636127
844256445062316062
844424281722191873
841437447632191509
843996413670195211
844425953844527144
844336444155363368
844366892839993364
844333430996860979
843898318810906665
843991202273558548
844040057505841203
841374299997863956
841522345516335124
844386873874186241
844385370547683329
844370857387360306
844341397464285205
844054110918803486
844307950322319360
844277370394771506
843987500246106131
844370854447022080
843898320774234142
844385494128394240
843962198321135666
844379364991828008
843896047746547752
844386944535232532
844308062427807825
844278835381927976
844369822228807691
843906048103677962
843909271796318249
841504716495912962
842032946037784617
843920711328333834
844224953057804308
595646200376721408
843986013185507338
844031119146090516
844413143560355892
842041849693601832
844369824523091990
844252151710875728
843888409651314739
844241666554331167
841504716504432671
841517055312265236
841665453444038726
841495902283235338
844258082892677181
844282058884907008
844334853590745099
844259625377071174
843991202734276608
841773000268841000
844299801372786740
844334853470421032
844031119573254155
843970265033211924
844362501864947742
844334850898264096
844428938905124905
844243742139220008
844302489641156709
844369842487164948
843906048637403137
843890728303853588
844369878018031666
844288323170336808
844413141173534750
844311564151947296
844206683060043827
841764606619418634
844408044392677447
842018241824161802
844206676752203776
844369822552948807
841642539457970186
844190010655113256
841823403153031199
843916773144657920
843894522676248596
844413220294623285
844215800105402378
844024539272839168
844259626518183938
844424284079128587
844411317938159658
844392503745839114
841437521359798282
844351123322437642
841647826832457750
842205905135468554
841488974635728916
844428938784669717
844369821621288970
844302495357337606
842041807788834827
844261175092969473
844376354325004300
841866473928785950
844186875316142132
841525870567882752
844306366491131926
844389260932677673
843967980237094966
844347367104315392
844370870986342432